1763707121596 2.05288 0
1763707124900 1.90499 1
1763707128458 2.12659 2
1763707131585 2.05925 3
1763707134718 1.99216 4
1763707137698 2.08385 5
1763707140825 1.69382 6
1763707143885 1.84895 7
1763707146972 1.48876 8
1763707150094 1.7633 9
1763707153345 1.55908 10
1763707156493 1.46807 11
1763707159643 1.41077 12
1763707162973 1.30176 13
1763707166155 1.21183 14
1763707169441 1.45565 15
1763707173586 1.40818 16
1763707177082 1.44117 17
1763707180338 1.1676 18
1763707183833 1.41555 19
1763707187132 1.61657 20
1763707190271 1.37528 21
1763707193380 1.30148 22
1763707196478 1.11418 23
1763707199760 1.242 24
1763707203030 1.38266 25
1763707206247 1.43856 26
1763707209414 1.51891 27
1763707212905 1.15585 28
1763707216583 1.4154 29
1763707220042 1.16511 30
1763707223329 1.25874 31
1763707226881 1.1138 32
1763707230438 1.13199 33
1763707233895 1.09747 34
1763707237240 1.18675 35
1763707240956 1.07142 36
1763707244806 1.11523 37
1763707248144 1.06608 38
1763707251721 1.1206 39
1763707255725 0.94114 40
1763707259333 0.94807 41
1763707263014 1.1683 42
1763707266114 1.09157 43
1763707269644 0.80395 44
1763707273258 1.10346 45
1763707276565 0.80965 46
1763707280055 0.7546 47
1763707283406 0.84491 48
1763707286596 1.15753 49
