1763707121596 3.32609 0
1763707124900 3.14362 1
1763707128458 3.25954 2
1763707131585 3.45898 3
1763707134718 3.35526 4
1763707137698 3.34493 5
1763707140825 3.23504 6
1763707143885 3.09283 7
1763707146972 2.92202 8
1763707150094 2.89658 9
1763707153345 2.72549 10
1763707156493 2.63373 11
1763707159643 2.5696 12
1763707162973 2.47015 13
1763707166155 2.07693 14
1763707169441 2.21102 15
1763707173586 2.05627 16
1763707177082 1.78853 17
1763707180338 1.79727 18
1763707183833 1.62076 19
1763707187132 1.95369 20
1763707190271 1.78539 21
1763707193380 1.45774 22
1763707196478 1.37769 23
1763707199760 1.39753 24
1763707203030 1.63388 25
1763707206247 1.64711 26
1763707209414 1.61165 27
1763707212905 1.45312 28
1763707216583 1.69348 29
1763707220042 1.34595 30
1763707223329 1.24706 31
1763707226881 1.13913 32
1763707230438 1.21061 33
1763707233895 1.25106 34
1763707237240 1.24323 35
1763707240956 1.10978 36
1763707244806 1.24432 37
1763707248144 1.08857 38
1763707251721 1.27178 39
1763707255725 1.5022 40
1763707259333 1.23115 41
1763707263014 1.57436 42
1763707266114 1.59421 43
1763707269644 1.27588 44
1763707273258 1.70461 45
1763707276565 1.18865 46
1763707280055 1.25121 47
1763707283406 1.338 48
1763707286596 1.38604 49
