1763707121596 1.68707 0
1763707124900 1.70273 1
1763707128458 1.6985 2
1763707131585 1.75926 3
1763707134718 1.83474 4
1763707137698 1.72953 5
1763707140825 1.46953 6
1763707143885 1.49753 7
1763707146972 1.36726 8
1763707150094 1.50699 9
1763707153345 1.28923 10
1763707156493 1.36881 11
1763707159643 1.36286 12
1763707162973 1.33372 13
1763707166155 1.1757 14
1763707169441 1.31396 15
1763707173586 1.26162 16
1763707177082 1.17004 17
1763707180338 1.17465 18
1763707183833 1.37055 19
1763707187132 1.43533 20
1763707190271 1.24918 21
1763707193380 1.25568 22
1763707196478 1.10956 23
1763707199760 1.16864 24
1763707203030 1.26035 25
1763707206247 1.27194 26
1763707209414 1.29743 27
1763707212905 1.12691 28
1763707216583 1.22621 29
1763707220042 1.13452 30
1763707223329 1.12115 31
1763707226881 1.11643 32
1763707230438 1.1487 33
1763707233895 1.09474 34
1763707237240 1.18054 35
1763707240956 1.06695 36
1763707244806 1.16849 37
1763707248144 1.05872 38
1763707251721 1.16682 39
1763707255725 1.01999 40
1763707259333 1.00041 41
1763707263014 1.2047 42
1763707266114 1.02888 43
1763707269644 0.97033 44
1763707273258 1.11169 45
1763707276565 1.00356 46
1763707280055 0.95448 47
1763707283406 1.05444 48
1763707286596 1.07736 49
