1763707122636 0.0156 0
1763707125959 0.01721 1
1763707129323 0.0202 2
1763707132477 0.02736 3
1763707135598 0.03615 4
1763707138587 0.06563 5
1763707141694 0.12025 6
1763707144777 0.13185 7
1763707147826 0.14331 8
1763707150977 0.13245 9
1763707154241 0.14022 10
1763707157398 0.10801 11
1763707160549 0.10733 12
1763707163871 0.12281 13
1763707167053 0.12614 14
1763707170424 0.13933 15
1763707174808 0.12096 16
1763707177992 0.12096 17
1763707181362 0.11804 18
1763707184778 0.11804 19
1763707188028 0.13118 20
1763707191208 0.13118 21
1763707194309 0.15121 22
1763707197424 0.15121 23
1763707200694 0.17038 24
1763707203956 0.17038 25
1763707207169 0.17594 26
1763707210365 0.17594 27
1763707213840 0.18802 28
1763707217578 0.18802 29
1763707220983 0.17804 30
1763707224304 0.17804 31
1763707227947 0.16583 32
1763707231417 0.16583 33
1763707234866 0.16561 34
1763707238292 0.16561 35
1763707241980 0.14551 36
1763707245766 0.14551 37
1763707249076 0.14301 38
1763707252769 0.14301 39
1763707256793 0.14699 40
1763707260354 0.14699 41
1763707263933 0.13343 42
1763707267120 0.13343 43
1763707270676 0.14649 44
1763707274223 0.14649 45
1763707277524 0.16831 46
1763707281103 0.16831 47
1763707284403 0.19651 48
1763707287557 0.19651 49
1763707290438 0.19652348586139728 49
