1763707122636 0.07711 0
1763707125959 0.07856 1
1763707129323 0.08956 2
1763707132477 0.09661 3
1763707135598 0.15027 4
1763707138587 0.35747 5
1763707141694 0.52261 6
1763707144777 0.55289 7
1763707147826 0.55979 8
1763707150977 0.41892 9
1763707154241 0.39546 10
1763707157398 0.27723 11
1763707160549 0.28848 12
1763707163871 0.32172 13
1763707167053 0.34769 14
1763707170424 0.35911 15
1763707174808 0.33081 16
1763707177992 0.33081 17
1763707181362 0.34563 18
1763707184778 0.34563 19
1763707188028 0.37406 20
1763707191208 0.37406 21
1763707194309 0.3928 22
1763707197424 0.3928 23
1763707200694 0.40008 24
1763707203956 0.40008 25
1763707207169 0.40687 26
1763707210365 0.40687 27
1763707213840 0.48631 28
1763707217578 0.48631 29
1763707220983 0.4875 30
1763707224304 0.4875 31
1763707227947 0.48715 32
1763707231417 0.48715 33
1763707234866 0.487 34
1763707238292 0.487 35
1763707241980 0.41175 36
1763707245766 0.41175 37
1763707249076 0.40689 38
1763707252769 0.40689 39
1763707256793 0.40785 40
1763707260354 0.40785 41
1763707263933 0.32317 42
1763707267120 0.32317 43
1763707270676 0.3191 44
1763707274223 0.3191 45
1763707277524 0.3663 46
1763707281103 0.3663 47
1763707284403 0.52946 48
1763707287557 0.52946 49
1763707290438 0.5294747474747474 49
