1763707122636 0.01667 0
1763707125959 0.01679 1
1763707129323 0.01691 2
1763707132477 0.01679 3
1763707135598 0.01621 4
1763707138587 0.0157 5
1763707141694 0.01741 6
1763707144777 0.0172 7
1763707147826 0.01686 8
1763707150977 0.01619 9
1763707154241 0.01556 10
1763707157398 0.01495 11
1763707160549 0.01479 12
1763707163871 0.01469 13
1763707167053 0.01453 14
1763707170424 0.01447 15
1763707174808 0.01987 16
1763707177992 0.01987 17
1763707181362 1.0 18
1763707184778 1.0 19
1763707188028 1.0 20
1763707191208 1.0 21
1763707194309 1.0 22
1763707197424 1.0 23
1763707200694 1.0 24
1763707203956 1.0 25
1763707207169 0.99006 26
1763707210365 0.99006 27
1763707213840 0.95472 28
1763707217578 0.95472 29
1763707220983 0.93836 30
1763707224304 0.93836 31
1763707227947 0.95447 32
1763707231417 0.95447 33
1763707234866 1.0 34
1763707238292 1.0 35
1763707241980 0.9559 36
1763707245766 0.9559 37
1763707249076 0.96089 38
1763707252769 0.96089 39
1763707256793 0.97053 40
1763707260354 0.97053 41
1763707263933 0.85399 42
1763707267120 0.85399 43
1763707270676 0.86332 44
1763707274223 0.86332 45
1763707277524 0.91207 46
1763707281103 0.91207 47
1763707284403 1.0 48
1763707287557 1.0 49
1763707290438 1.0 49
