1763707122636 0.92857 0
1763707125959 0.92857 1
1763707129323 0.92857 2
1763707132477 0.92857 3
1763707135598 0.92857 4
1763707138587 0.92857 5
1763707141694 1.0 6
1763707144777 1.0 7
1763707147826 1.0 8
1763707150977 1.0 9
1763707154241 1.0 10
1763707157398 1.0 11
1763707160549 1.0 12
1763707163871 1.0 13
1763707167053 1.0 14
1763707170424 1.0 15
1763707174808 0.75 16
1763707177992 0.75 17
1763707181362 0.12842 18
1763707184778 0.12842 19
1763707188028 0.13942 20
1763707191208 0.13942 21
1763707194309 0.25725 22
1763707197424 0.25725 23
1763707200694 0.28213 24
1763707203956 0.28213 25
1763707207169 0.35714 26
1763707210365 0.35714 27
1763707213840 0.42857 28
1763707217578 0.42857 29
1763707220983 0.42857 30
1763707224304 0.42857 31
1763707227947 0.42857 32
1763707231417 0.42857 33
1763707234866 0.4203 34
1763707238292 0.4203 35
1763707241980 0.35714 36
1763707245766 0.35714 37
1763707249076 0.35714 38
1763707252769 0.35714 39
1763707256793 0.35714 40
1763707260354 0.35714 41
1763707263933 0.28571 42
1763707267120 0.28571 43
1763707270676 0.28571 44
1763707274223 0.28571 45
1763707277524 0.33742 46
1763707281103 0.33742 47
1763707284403 0.4105 48
1763707287557 0.4105 49
1763707290438 0.4100415546593508 49
