1763707121596 0.0 0
1763707124900 1.6339934e-05 1
1763707128458 3.2019736e-05 2
1763707131585 4.7039406e-05 3
1763707134718 6.1398944e-05 4
1763707137698 7.509835e-05 5
1763707140825 8.8137624e-05 6
1763707143885 0.00010051676600000001 7
1763707146972 0.00011223577600000001 8
1763707150094 0.00012329465400000002 9
1763707153345 0.00013369340000000002 10
1763707156493 0.000143432014 11
1763707159643 0.000152510496 12
1763707162973 0.00016092884600000002 13
1763707166155 0.000168687064 14
1763707169441 0.00017578515 15
1763707173586 0.000182223104 16
1763707177082 0.00018800092599999998 17
1763707180338 0.00019311861600000005 18
1763707183833 0.000197576174 19
1763707187132 0.00020137359999999999 20
1763707190271 0.00020451089400000004 21
1763707193380 0.000206988056 22
1763707196478 0.00020880508600000004 23
1763707199760 0.00020996198400000002 24
1763707203030 0.00021045875000000002 25
1763707206247 0.000210295384 26
1763707209414 0.000209471886 27
1763707212905 0.00020798825599999997 28
1763707216583 0.00020584449400000003 29
1763707220042 0.00020304060000000002 30
1763707223329 0.000199576574 31
1763707226881 0.00019545241600000003 32
1763707230438 0.00019066812599999997 33
1763707233895 0.00018522370400000002 34
1763707237240 0.00017911915000000004 35
1763707240956 0.000172354464 36
1763707244806 0.000164929646 37
1763707248144 0.000156844696 38
1763707251721 0.000148099614 39
1763707255725 0.00013869439999999997 40
1763707259333 0.00012862905400000006 41
1763707263014 0.00011790357600000003 42
1763707266114 0.00010651796600000001 43
1763707269644 9.4472224e-05 44
1763707273258 8.176634999999999e-05 45
1763707276565 6.840034399999998e-05 46
1763707280055 5.437420600000004e-05 47
1763707283406 3.9687936000000036e-05 48
1763707286596 2.4341534000000017e-05 49
